   1.25874996               2
   1.27625012               0
   1.29375005               0
   1.31125021               1
   1.32875013               3
   1.34625030               8
   1.36375022              23
   1.38125038              29
   1.39875031              11
   1.41625047               5
   1.43375039               2
   1.45125055               2
   1.46875048               0
   1.48625064               5
   1.50375056              13
   1.52125072               6
   1.53875065               6
   1.55625081               2
   1.57375073               1
   1.59125090               0
